P1: [0.83201839 0.9836975  0.9836975  0.9994998  0.83201839 0.9994998
 0.9900482  0.99917558 0.9939402  0.9900482 ]
P2: [0.92414182 0.99330715 0.99330715 0.99979657 0.92414182 0.99979657
 0.99592986 0.99966465 0.99752738 0.99592986]
P3: [0.5 0.5 0.5 0.5 0.5 0.5 0.5 0.5 0.5 0.5]
